        // Front face
	//X,Y,Z,S,T,Xn,Yn,Zn
        -1.0, -1.0,  1.0,  0.0, 0.0, 0.0,  0.0,  1.0,
        4.0, -1.0,  1.0, 16.0, 0.0, 0.0,  0.0,  1.0,
        4.0,  1.0,  1.0, 16.0, 16.0,  0.0,  0.0,  1.0,
        -1.0,  1.0,  1.0, 0.0, 16.0, 0.0,  0.0,  1.0,

        // Back face
        -1.0, -1.0, -1.0, 16.0, 0.0, 0.0,  0.0, -1.0,
        -1.0,  1.0, -1.0, 16.0, 16.0, 0.0,  0.0, -1.0,
        4.0,  1.0, -1.0, 0.0, 16.0, 0.0,  0.0, -1.0,
        4.0, -1.0, -1.0, 0.0, 0.0, 0.0,  0.0, -1.0,

        // Top face
        -1.0,  1.0, -1.0, 0.0, 16.0, 0.0,  1.0,  0.0,
        -1.0,  1.0,  1.0, 0.0, 0.0, 0.0,  1.0,  0.0,
        4.0,  1.0,  1.0, 16.0, 0.0, 0.0,  1.0,  0.0,
        4.0,  1.0, -1.0, 16.0, 16.0, 0.0,  1.0,  0.0,

        // Bottom face
        -1.0, -1.0, -1.0, 16.0, 16.0, 0.0, -1.0,  0.0,
        4.0, -1.0, -1.0,  0.0, 16.0, 0.0, -1.0,  0.0,
        4.0, -1.0,  1.0,  0.0, 0.0, 0.0, -1.0,  0.0,
        -1.0, -1.0,  1.0,  16.0, 0.0, 0.0, -1.0,  0.0,

        // Right face
        4.0, -1.0, -1.0, 4.0, 0.0, 1.0,  0.0,  0.0,
        4.0,  1.0, -1.0, 4.0, 4.0,  1.0,  0.0,  0.0,
        4.0,  1.0,  1.0, 0.0, 4.0, 1.0,  0.0,  0.0,
        4.0, -1.0,  1.0, 0.0, 0.0, 1.0,  0.0,  0.0,

        // Left face
        -1.0, -1.0, -1.0, 0.0, 0.0, -1.0,  0.0,  0.0,
        -1.0, -1.0,  1.0, 4.0, 0.0, -1.0,  0.0,  0.0,
        -1.0,  1.0,  1.0, 4.0, 4.0, -1.0,  0.0,  0.0,
        -1.0,  1.0, -1.0, 0.0, 4.0, -1.0,  0.0,  0.0